-6.217072010040283203e+00,-9.507635116577148438e+00
-7.022624015808105469e+00,-1.031083488464355469e+01
-6.310636043548583984e+00,-9.545684814453125000e+00
-6.364929199218750000e+00,-1.026993274688720703e+01
-7.481245994567871094e+00,-1.148889064788818359e+01
-7.462423324584960938e+00,-1.138641357421875000e+01
-6.780831336975097656e+00,-1.034820365905761719e+01
-6.332786560058593750e+00,-9.819275856018066406e+00
-6.242136955261230469e+00,-1.008708953857421875e+01
-6.250166893005371094e+00,-9.739456176757812500e+00
-6.754355430603027344e+00,-1.040127754211425781e+01
-6.156007766723632812e+00,-9.183189392089843750e+00
-6.141953945159912109e+00,-9.272751808166503906e+00
-6.488396644592285156e+00,-1.060119724273681641e+01
-6.692910194396972656e+00,-1.043566894531250000e+01
-5.777217864990234375e+00,-8.665279388427734375e+00
-6.175976753234863281e+00,-1.064081096649169922e+01
-5.898378372192382812e+00,-9.299681663513183594e+00
-5.914362907409667969e+00,-9.541628837585449219e+00
-6.280160903930664062e+00,-9.848690986633300781e+00
-7.341475486755371094e+00,-1.129817104339599609e+01
-6.529857635498046875e+00,-1.032913780212402344e+01
-6.029580116271972656e+00,-9.577033996582031250e+00
-5.980799198150634766e+00,-9.008216857910156250e+00
-6.146354675292968750e+00,-9.979809761047363281e+00
-7.203924179077148438e+00,-1.114742088317871094e+01
-6.684832572937011719e+00,-1.013040256500244141e+01
-6.275780200958251953e+00,-1.034070682525634766e+01
-6.497552871704101562e+00,-1.008053779602050781e+01
-5.733860015869140625e+00,-8.979016304016113281e+00
-6.103824615478515625e+00,-1.022872829437255859e+01
-6.019826889038085938e+00,-9.358751296997070312e+00
-6.247509956359863281e+00,-9.475685119628906250e+00
-6.716476917266845703e+00,-1.037765598297119141e+01
1.776128411293029785e-01,-1.552206873893737793e-01
-6.666470527648925781e+00,-1.025285243988037109e+01
-5.988662719726562500e+00,-9.034368515014648438e+00
-5.444359302520751953e+00,-7.959273815155029297e+00
-6.103365898132324219e+00,-9.117102622985839844e+00
-5.919266700744628906e+00,-1.034795761108398438e+01
-6.574385643005371094e+00,-1.111880016326904297e+01
-6.326801776885986328e+00,-1.034923744201660156e+01
-5.900876998901367188e+00,-9.345886230468750000e+00
-5.259837627410888672e+00,-7.691944599151611328e+00
-6.021131038665771484e+00,-9.557511329650878906e+00
-7.242387294769287109e+00,-1.180406284332275391e+01
-5.303261280059814453e+00,-7.829940319061279297e+00
-7.229193210601806641e+00,-1.164635562896728516e+01
-7.193113327026367188e+00,-1.155229949951171875e+01
-7.126285552978515625e+00,-1.144866275787353516e+01
-6.584280967712402344e+00,-1.012010669708251953e+01
-6.278837680816650391e+00,-9.427641868591308594e+00
-5.731133937835693359e+00,-8.722256660461425781e+00
-8.078378677368164062e+00,-1.305650520324707031e+01
-5.364796638488769531e+00,-7.925745010375976562e+00
-7.275857448577880859e+00,-1.143961334228515625e+01
-6.065022945404052734e+00,-9.783503532409667969e+00
-6.661713123321533203e+00,-1.034869575500488281e+01
-5.577858448028564453e+00,-8.397135734558105469e+00
-6.380238056182861328e+00,-9.781714439392089844e+00
-5.792171478271484375e+00,-1.002865886688232422e+01
-8.284568786621093750e+00,-1.330796813964843750e+01
-6.252466678619384766e+00,-9.768149375915527344e+00
-7.124099254608154297e+00,-1.123892879486083984e+01
-6.658426761627197266e+00,-1.009816551208496094e+01
-7.251693725585937500e+00,-1.117018127441406250e+01
-6.670722007751464844e+00,-1.029061508178710938e+01
-6.329131126403808594e+00,-1.025104999542236328e+01
-5.167703151702880859e+00,-8.522254943847656250e+00
-6.684567451477050781e+00,-1.025684261322021484e+01
-6.001522064208984375e+00,-1.006820392608642578e+01
-6.271913528442382812e+00,-9.424142837524414062e+00
-6.716390609741210938e+00,-1.107043075561523438e+01
-8.053113937377929688e+00,-1.294528675079345703e+01
-5.550282478332519531e+00,-8.345723152160644531e+00
-7.850145339965820312e+00,-1.241975784301757812e+01
-6.149239540100097656e+00,-1.065672206878662109e+01
-6.453857421875000000e+00,-9.707387924194335938e+00
-8.286489486694335938e+00,-1.337539672851562500e+01
-6.695477485656738281e+00,-1.039800643920898438e+01
-7.909842967987060547e+00,-1.246468257904052734e+01
-5.878276348114013672e+00,-8.775678634643554688e+00
-7.298585891723632812e+00,-1.133428573608398438e+01
-6.297728061676025391e+00,-1.013941955566406250e+01
-7.296934604644775391e+00,-1.161386585235595703e+01
-6.080951690673828125e+00,-9.594719886779785156e+00
-6.328153133392333984e+00,-1.014201450347900391e+01
-5.647752761840820312e+00,-8.602473258972167969e+00
-6.173083305358886719e+00,-1.004076099395751953e+01
-5.274308204650878906e+00,-8.156645774841308594e+00
-6.109580993652343750e+00,-9.796546936035156250e+00
-6.207189083099365234e+00,-9.639578819274902344e+00
-6.203599452972412109e+00,-9.981612205505371094e+00
-6.228999614715576172e+00,-9.780512809753417969e+00
-5.270342826843261719e+00,-7.704823970794677734e+00
-7.855800628662109375e+00,-1.238644313812255859e+01
-7.519001960754394531e+00,-1.161279678344726562e+01
-5.985273361206054688e+00,-9.213356018066406250e+00
-6.240638732910156250e+00,-1.004931259155273438e+01
-8.285929679870605469e+00,-1.336178207397460938e+01
-5.331315994262695312e+00,-7.852104663848876953e+00
-6.403483390808105469e+00,-9.807468414306640625e+00
-5.934915065765380859e+00,-1.014280319213867188e+01
-7.021528244018554688e+00,-1.041362667083740234e+01
-5.330768108367919922e+00,-7.837235450744628906e+00
-6.376565456390380859e+00,-9.606410980224609375e+00
-6.882715702056884766e+00,-1.079545688629150391e+01
-5.841482162475585938e+00,-9.446634292602539062e+00
-6.372694015502929688e+00,-1.028890037536621094e+01
-6.263591766357421875e+00,-1.019163131713867188e+01
-6.308685302734375000e+00,-1.001097869873046875e+01
-5.758350372314453125e+00,-9.029632568359375000e+00
1.776128411293029785e-01,-1.552206873893737793e-01
-6.296730995178222656e+00,-9.957347869873046875e+00
-6.691701412200927734e+00,-1.098689651489257812e+01
-6.316652297973632812e+00,-9.825695037841796875e+00
-5.275153160095214844e+00,-7.942660331726074219e+00
-6.644654750823974609e+00,-1.005826759338378906e+01
-5.881402969360351562e+00,-9.442438125610351562e+00
-6.062464714050292969e+00,-1.067327213287353516e+01
-6.472441196441650391e+00,-1.055437469482421875e+01
-6.649253845214843750e+00,-1.027581977844238281e+01
-6.175379753112792969e+00,-1.001964092254638672e+01
-6.589909076690673828e+00,-1.019280433654785156e+01
-6.174116134643554688e+00,-1.001879024505615234e+01
-6.380768775939941406e+00,-1.029399299621582031e+01
-5.406968116760253906e+00,-7.840415477752685547e+00
-5.992214202880859375e+00,-8.948591232299804688e+00
-6.240014553070068359e+00,-1.074424934387207031e+01
-7.482645988464355469e+00,-1.173912048339843750e+01
-5.223567962646484375e+00,-7.698827266693115234e+00
-6.755795478820800781e+00,-1.054868221282958984e+01
-5.737808227539062500e+00,-8.640808105468750000e+00
-6.388996124267578125e+00,-1.002519416809082031e+01
-6.105213165283203125e+00,-1.073941230773925781e+01
-7.489232063293457031e+00,-1.166222476959228516e+01
-7.123342037200927734e+00,-1.096786499023437500e+01
-6.014951229095458984e+00,-9.402813911437988281e+00
-7.049777507781982422e+00,-1.098404979705810547e+01
-6.267239093780517578e+00,-9.452179908752441406e+00
-6.042945861816406250e+00,-9.112717628479003906e+00
-6.723248481750488281e+00,-1.019902515411376953e+01
-6.593743801116943359e+00,-1.009632492065429688e+01
-6.635210037231445312e+00,-1.031295299530029297e+01
-6.354783058166503906e+00,-1.005708122253417969e+01
-6.931351661682128906e+00,-1.094004726409912109e+01
-6.047251224517822266e+00,-9.644302368164062500e+00
-7.496150970458984375e+00,-1.206773948669433594e+01
-6.370739459991455078e+00,-9.868990898132324219e+00
-5.885688781738281250e+00,-8.780979156494140625e+00
-6.293177604675292969e+00,-9.527123451232910156e+00
-7.351286888122558594e+00,-1.147386837005615234e+01
-6.655882358551025391e+00,-1.034916973114013672e+01
-5.768396854400634766e+00,-8.487478256225585938e+00
-5.970494270324707031e+00,-9.203395843505859375e+00
-6.681438922882080078e+00,-1.038606071472167969e+01
-6.803450584411621094e+00,-1.070817947387695312e+01
-5.856381893157958984e+00,-9.331849098205566406e+00
-6.238132476806640625e+00,-9.419843673706054688e+00
-5.647456169128417969e+00,-8.583646774291992188e+00
-6.594429969787597656e+00,-1.017137908935546875e+01
-6.176349163055419922e+00,-8.875008583068847656e+00
-6.588377475738525391e+00,-1.052026176452636719e+01
-5.285429954528808594e+00,-7.931453227996826172e+00
-6.266752243041992188e+00,-9.983714103698730469e+00
-6.406917572021484375e+00,-9.693245887756347656e+00
-6.106732845306396484e+00,-1.022548294067382812e+01
-7.433501243591308594e+00,-1.180713081359863281e+01
-6.292794227600097656e+00,-9.951296806335449219e+00
-6.622751235961914062e+00,-1.095737838745117188e+01
-5.619956970214843750e+00,-8.446624755859375000e+00
-7.995341777801513672e+00,-1.265106678009033203e+01
-6.333972454071044922e+00,-1.012088012695312500e+01
-6.711465835571289062e+00,-1.023629951477050781e+01
-8.112437248229980469e+00,-1.292888164520263672e+01
-6.727511405944824219e+00,-1.036382865905761719e+01
-7.360114097595214844e+00,-1.150609207153320312e+01
-5.817912578582763672e+00,-9.543787002563476562e+00
-7.725548267364501953e+00,-1.186979866027832031e+01
-5.854497432708740234e+00,-9.288135528564453125e+00
-6.806144237518310547e+00,-1.041614913940429688e+01
-6.522161006927490234e+00,-1.038621902465820312e+01
-6.637228012084960938e+00,-1.023338794708251953e+01
-5.896855831146240234e+00,-9.364555358886718750e+00
-6.911777019500732422e+00,-1.041399955749511719e+01
-5.711356163024902344e+00,-8.560274124145507812e+00
-6.323427677154541016e+00,-1.019972705841064453e+01
-7.572185516357421875e+00,-1.161669349670410156e+01
-7.983311176300048828e+00,-1.285754585266113281e+01
-6.440165042877197266e+00,-9.696035385131835938e+00
-6.254519939422607422e+00,-1.081309986114501953e+01
-6.731992721557617188e+00,-1.042534828186035156e+01
-7.191211700439453125e+00,-1.126483535766601562e+01
-8.055922508239746094e+00,-1.290387725830078125e+01
-6.299240112304687500e+00,-9.903029441833496094e+00
-6.162005424499511719e+00,-8.978927612304687500e+00
-5.559854984283447266e+00,-8.496039390563964844e+00
-6.698059082031250000e+00,-1.046470832824707031e+01
-7.075582504272460938e+00,-1.154275894165039062e+01
-5.991518974304199219e+00,-9.493942260742187500e+00
-6.204085826873779297e+00,-1.006585216522216797e+01
-6.301910400390625000e+00,-9.887241363525390625e+00
-6.293191432952880859e+00,-1.003674507141113281e+01
-5.917863845825195312e+00,-9.408177375793457031e+00
-6.421051979064941406e+00,-1.034526729583740234e+01
-5.964620590209960938e+00,-1.035417652130126953e+01
-6.630780696868896484e+00,-1.031189537048339844e+01
-7.155544281005859375e+00,-1.113905429840087891e+01
-6.240107536315917969e+00,-9.917249679565429688e+00
-6.285763263702392578e+00,-1.005471038818359375e+01
-6.307100296020507812e+00,-9.984383583068847656e+00
-5.048068523406982422e+00,-8.283922195434570312e+00
-7.133969306945800781e+00,-1.149506187438964844e+01
-6.005166530609130859e+00,-1.050809383392333984e+01
-5.246611595153808594e+00,-7.966282367706298828e+00
-7.648992061614990234e+00,-1.183044052124023438e+01
-5.361481189727783203e+00,-7.852583885192871094e+00
-6.001424789428710938e+00,-9.054650306701660156e+00
-7.263631820678710938e+00,-1.158861351013183594e+01
-6.078097343444824219e+00,-9.223321914672851562e+00
-6.668893337249755859e+00,-1.028963375091552734e+01
-6.309393882751464844e+00,-1.021768856048583984e+01
-6.654788970947265625e+00,-1.032821846008300781e+01
-5.035996913909912109e+00,-8.374233245849609375e+00
-6.332447052001953125e+00,-1.021310329437255859e+01
-6.599032878875732422e+00,-1.017816352844238281e+01
-5.134176254272460938e+00,-7.568683147430419922e+00
-7.114046096801757812e+00,-1.100272846221923828e+01
-5.920610427856445312e+00,-9.390686988830566406e+00
-6.661467552185058594e+00,-1.023086166381835938e+01
-6.233590126037597656e+00,-1.080290126800537109e+01
-5.426858425140380859e+00,-7.975003719329833984e+00
-5.162609100341796875e+00,-8.560650825500488281e+00
-6.085474014282226562e+00,-1.019213485717773438e+01
-6.474779605865478516e+00,-1.006958007812500000e+01
-7.121183395385742188e+00,-1.113552665710449219e+01
-7.702923774719238281e+00,-1.201670646667480469e+01
-7.709379196166992188e+00,-1.215618991851806641e+01
-6.655492305755615234e+00,-1.009930992126464844e+01
-6.461801528930664062e+00,-9.721471786499023438e+00
-6.741860389709472656e+00,-1.042699241638183594e+01
-5.268168449401855469e+00,-7.626888275146484375e+00
-5.648668289184570312e+00,-9.512046813964843750e+00
-6.536467075347900391e+00,-1.085494804382324219e+01
-6.431643009185791016e+00,-9.468300819396972656e+00
-5.908729553222656250e+00,-8.998801231384277344e+00
-6.398859024047851562e+00,-1.035286045074462891e+01
-5.485329151153564453e+00,-8.064567565917968750e+00
-5.681865215301513672e+00,-8.489732742309570312e+00
-6.487838745117187500e+00,-1.039216709136962891e+01
-6.657932758331298828e+00,-1.024029731750488281e+01
-6.109426498413085938e+00,-1.016298198699951172e+01
-7.629692554473876953e+00,-1.170818805694580078e+01
-5.266675472259521484e+00,-7.857117176055908203e+00
-6.059275627136230469e+00,-9.239008903503417969e+00
-6.918729782104492188e+00,-1.056544303894042969e+01
-6.788223266601562500e+00,-1.031822776794433594e+01
-6.686729431152343750e+00,-1.027945327758789062e+01
-8.174364089965820312e+00,-1.300192451477050781e+01
-6.114442825317382812e+00,-1.051428413391113281e+01
-6.157978534698486328e+00,-9.755671501159667969e+00
-6.604419708251953125e+00,-1.015793228149414062e+01
-6.846940517425537109e+00,-1.052542304992675781e+01
-6.571729660034179688e+00,-1.032794666290283203e+01
-6.228689193725585938e+00,-1.078165054321289062e+01
-6.240798950195312500e+00,-9.400674819946289062e+00
-6.260706424713134766e+00,-9.454093933105468750e+00
-5.617105007171630859e+00,-8.487321853637695312e+00
-6.139909744262695312e+00,-1.004458618164062500e+01
1.776128411293029785e-01,-1.552206873893737793e-01
-8.282230377197265625e+00,-1.324798202514648438e+01
-6.955721855163574219e+00,-1.075964641571044922e+01
-6.685385704040527344e+00,-1.063188934326171875e+01
-6.795206546783447266e+00,-1.036297798156738281e+01
-8.213295936584472656e+00,-1.329834651947021484e+01
-5.331524848937988281e+00,-7.810766696929931641e+00
-7.199641227722167969e+00,-1.133239650726318359e+01
-6.713125228881835938e+00,-1.019088459014892578e+01
-5.206365108489990234e+00,-8.634427070617675781e+00
-6.127516269683837891e+00,-1.005104255676269531e+01
-6.009838581085205078e+00,-9.215718269348144531e+00
-6.380223751068115234e+00,-1.020232963562011719e+01
-8.032818794250488281e+00,-1.249983882904052734e+01
-6.215626716613769531e+00,-9.372463226318359375e+00
-7.072352409362792969e+00,-1.148980712890625000e+01
-6.224197387695312500e+00,-9.995601654052734375e+00
-5.298717975616455078e+00,-7.884945869445800781e+00
-5.456351280212402344e+00,-8.086440086364746094e+00
-6.221633434295654297e+00,-9.746231079101562500e+00
-7.856257438659667969e+00,-1.259805297851562500e+01
1.776128411293029785e-01,-1.552206873893737793e-01
-5.526035308837890625e+00,-8.345316886901855469e+00
-6.320571422576904297e+00,-9.861166000366210938e+00
-6.085525512695312500e+00,-9.542079925537109375e+00
-6.002068519592285156e+00,-9.616222381591796875e+00
-6.767647743225097656e+00,-1.043020629882812500e+01
-6.820430755615234375e+00,-1.039875602722167969e+01
-6.037914276123046875e+00,-1.022189331054687500e+01
-6.140415668487548828e+00,-9.194625854492187500e+00
-5.800569534301757812e+00,-8.623960494995117188e+00
-7.108724594116210938e+00,-1.099411582946777344e+01
-6.607258796691894531e+00,-1.023812866210937500e+01
-5.927328586578369141e+00,-9.428674697875976562e+00
-5.178180217742919922e+00,-8.608998298645019531e+00
-5.953117847442626953e+00,-9.448574066162109375e+00
-7.310920238494873047e+00,-1.127068901062011719e+01
-6.764726638793945312e+00,-1.038249969482421875e+01
-8.088211059570312500e+00,-1.287797641754150391e+01
-6.516410827636718750e+00,-1.036860084533691406e+01
-6.735520362854003906e+00,-1.038778591156005859e+01
-7.866724967956542969e+00,-1.239185333251953125e+01
-6.232431411743164062e+00,-1.078651046752929688e+01
-5.994716167449951172e+00,-9.524429321289062500e+00
-6.225996494293212891e+00,-9.353269577026367188e+00
-5.539269447326660156e+00,-8.474433898925781250e+00
-5.993514537811279297e+00,-9.105465888977050781e+00
-5.413621902465820312e+00,-7.972453117370605469e+00
-5.452410697937011719e+00,-8.221373558044433594e+00
-8.011883735656738281e+00,-1.260525512695312500e+01
-6.369910717010498047e+00,-9.586071014404296875e+00
-6.739368438720703125e+00,-1.048661231994628906e+01
-6.257198333740234375e+00,-9.028762817382812500e+00
-6.813503265380859375e+00,-1.034460926055908203e+01
-7.527824401855468750e+00,-1.158342170715332031e+01
-6.387779235839843750e+00,-9.680949211120605469e+00
-6.217972755432128906e+00,-1.007318115234375000e+01
-6.763433933258056641e+00,-1.051921463012695312e+01
-6.836297988891601562e+00,-1.047234058380126953e+01
-6.870531558990478516e+00,-1.043810176849365234e+01
-5.927056312561035156e+00,-8.850048065185546875e+00
-6.273521423339843750e+00,-9.437324523925781250e+00
-6.063917636871337891e+00,-9.678583145141601562e+00
-6.520627021789550781e+00,-1.041751289367675781e+01
-6.778320312500000000e+00,-1.038194942474365234e+01
-7.442274570465087891e+00,-1.143096351623535156e+01
-6.217498779296875000e+00,-9.691534996032714844e+00
-5.802613258361816406e+00,-8.547844886779785156e+00
-6.228190898895263672e+00,-1.011911678314208984e+01
-5.836421489715576172e+00,-1.018743705749511719e+01
-7.107816219329833984e+00,-1.171995925903320312e+01
-6.243755340576171875e+00,-9.362417221069335938e+00
-6.669386863708496094e+00,-1.022865390777587891e+01
-7.125606536865234375e+00,-1.212011051177978516e+01
-6.717231273651123047e+00,-1.039743232727050781e+01
-6.261937141418457031e+00,-9.656202316284179688e+00
-5.715075016021728516e+00,-9.391382217407226562e+00
-5.592880725860595703e+00,-8.520777702331542969e+00
-6.153512954711914062e+00,-9.236181259155273438e+00
-6.782101154327392578e+00,-1.040786170959472656e+01
-6.507983207702636719e+00,-1.055865478515625000e+01
-5.941370487213134766e+00,-8.844776153564453125e+00
-5.756289958953857422e+00,-8.505136489868164062e+00
-6.008575439453125000e+00,-1.042792797088623047e+01
-6.721411228179931641e+00,-1.103024482727050781e+01
-6.654331684112548828e+00,-1.035855484008789062e+01
-6.934936523437500000e+00,-1.112795448303222656e+01
-6.766739845275878906e+00,-1.040241813659667969e+01
-9.178629875183105469e+00,-1.483189010620117188e+01
-5.921151161193847656e+00,-8.838392257690429688e+00
-6.030292034149169922e+00,-9.206399917602539062e+00
-7.063985824584960938e+00,-1.140313911437988281e+01
-5.384290218353271484e+00,-8.622267723083496094e+00
-5.992577075958251953e+00,-8.984243392944335938e+00
-6.636270999908447266e+00,-1.016098880767822266e+01
-7.147688865661621094e+00,-1.153370380401611328e+01
-6.474641799926757812e+00,-1.051515483856201172e+01
-5.286532878875732422e+00,-7.959144115447998047e+00
-6.380125045776367188e+00,-1.103251934051513672e+01
-7.842995166778564453e+00,-1.232922363281250000e+01
-6.231809616088867188e+00,-1.029953765869140625e+01
-7.836545944213867188e+00,-1.216778087615966797e+01
-6.232861518859863281e+00,-1.021232414245605469e+01
-5.671746253967285156e+00,-8.637791633605957031e+00
-6.221063613891601562e+00,-1.091633033752441406e+01
-5.966001987457275391e+00,-8.943165779113769531e+00
-6.615001678466796875e+00,-1.073830795288085938e+01
-6.855792999267578125e+00,-1.053550910949707031e+01
-6.597176074981689453e+00,-1.037007522583007812e+01
-6.184639453887939453e+00,-1.074549674987792969e+01
-6.314194202423095703e+00,-9.621798515319824219e+00
-6.715109825134277344e+00,-1.033590507507324219e+01
-1.071861839294433594e+01,-1.739399528503417969e+01
-6.242669582366943359e+00,-9.408329010009765625e+00
-7.985686779022216797e+00,-1.257342720031738281e+01
-6.612222671508789062e+00,-1.033605480194091797e+01
-6.230085372924804688e+00,-9.380352973937988281e+00
-5.394591808319091797e+00,-7.843834877014160156e+00
-6.975184440612792969e+00,-1.039414119720458984e+01
-6.123476028442382812e+00,-9.685935974121093750e+00
-6.119178771972656250e+00,-9.194360733032226562e+00
-7.193119525909423828e+00,-1.111090469360351562e+01
-7.302948474884033203e+00,-1.161155509948730469e+01
-7.986665725708007812e+00,-1.290623092651367188e+01
-6.179676055908203125e+00,-1.000228309631347656e+01
-6.418349742889404297e+00,-1.041840648651123047e+01
-5.567218780517578125e+00,-8.223894119262695312e+00
-7.550870418548583984e+00,-1.154708194732666016e+01
-7.430677890777587891e+00,-1.161566543579101562e+01
-5.426612854003906250e+00,-7.984043598175048828e+00
-6.358624458312988281e+00,-9.933807373046875000e+00
-6.645279884338378906e+00,-1.018962478637695312e+01
-7.964236259460449219e+00,-1.293627262115478516e+01
-5.620948791503906250e+00,-8.367306709289550781e+00
-6.353869915008544922e+00,-1.084113121032714844e+01
-5.314908504486083984e+00,-7.959910392761230469e+00
-6.568075656890869141e+00,-9.957825660705566406e+00
-6.468305587768554688e+00,-1.007063388824462891e+01
-7.043800354003906250e+00,-1.137234115600585938e+01
-5.926800727844238281e+00,-9.586286544799804688e+00
-6.274190425872802734e+00,-1.036362648010253906e+01
-5.862103462219238281e+00,-1.028939628601074219e+01
-6.541661739349365234e+00,-1.029797363281250000e+01
-5.338258743286132812e+00,-7.704422473907470703e+00
-6.729810714721679688e+00,-1.043426513671875000e+01
-7.924887657165527344e+00,-1.249591827392578125e+01
-7.130043506622314453e+00,-1.151620864868164062e+01
-6.224441051483154297e+00,-1.008126258850097656e+01
-6.082184314727783203e+00,-9.166572570800781250e+00
-4.700311183929443359e+00,-7.611793518066406250e+00
1.776128411293029785e-01,-1.552206873893737793e-01
-6.609371185302734375e+00,-1.000868797302246094e+01
-7.405220031738281250e+00,-1.139626693725585938e+01
-6.894487857818603516e+00,-1.042639636993408203e+01
-6.760851860046386719e+00,-1.035613441467285156e+01
-7.057093143463134766e+00,-1.126417541503906250e+01
-5.444412231445312500e+00,-8.128489494323730469e+00
-6.226011276245117188e+00,-9.793635368347167969e+00
-6.960405349731445312e+00,-1.078572082519531250e+01
-6.160984516143798828e+00,-1.088176727294921875e+01
-7.221757888793945312e+00,-1.154003143310546875e+01
-6.621218681335449219e+00,-1.018468284606933594e+01
-6.889040946960449219e+00,-1.055899429321289062e+01
-6.390636444091796875e+00,-1.030817890167236328e+01
-5.997087955474853516e+00,-9.539328575134277344e+00
-6.659479618072509766e+00,-1.019155788421630859e+01
-8.383272171020507812e+00,-1.366181182861328125e+01
-6.642463684082031250e+00,-1.052380752563476562e+01
-6.440973281860351562e+00,-1.051283454895019531e+01
-6.263605594635009766e+00,-1.081222820281982422e+01
-6.478343963623046875e+00,-1.063492774963378906e+01
-6.553069114685058594e+00,-1.013140106201171875e+01
-7.510676383972167969e+00,-1.176398086547851562e+01
-6.395416736602783203e+00,-1.052618598937988281e+01
-6.421278953552246094e+00,-1.055288124084472656e+01
-6.617508888244628906e+00,-1.095555496215820312e+01
-6.506055831909179688e+00,-9.837392807006835938e+00
-5.463783264160156250e+00,-8.137430191040039062e+00
-6.093308925628662109e+00,-1.057488632202148438e+01
-7.101070404052734375e+00,-1.137525939941406250e+01
-5.137102127075195312e+00,-8.530427932739257812e+00
-6.661669731140136719e+00,-1.016316509246826172e+01
-7.567941665649414062e+00,-1.166002845764160156e+01
-5.718435287475585938e+00,-8.725381851196289062e+00
-6.563395500183105469e+00,-1.029403686523437500e+01
-5.395262241363525391e+00,-7.926262378692626953e+00
-6.350516319274902344e+00,-1.091903591156005859e+01
-6.580603122711181641e+00,-9.973713874816894531e+00
-7.456129074096679688e+00,-1.179850864410400391e+01
-5.875094413757324219e+00,-8.750365257263183594e+00
-7.051084518432617188e+00,-1.120426559448242188e+01
1.776128411293029785e-01,-1.552206873893737793e-01
-6.298930168151855469e+00,-1.083563804626464844e+01
-7.830476760864257812e+00,-1.242063140869140625e+01
-6.220734596252441406e+00,-9.722894668579101562e+00
-7.266020774841308594e+00,-1.123607826232910156e+01
-5.560238838195800781e+00,-8.323816299438476562e+00
-5.966835975646972656e+00,-9.172149658203125000e+00
-7.305133819580078125e+00,-1.171341609954833984e+01
-6.588720798492431641e+00,-1.038080501556396484e+01
-8.119845390319824219e+00,-1.292794513702392578e+01
-6.185080051422119141e+00,-1.026417827606201172e+01
-6.318043708801269531e+00,-1.076996326446533203e+01
-6.064278125762939453e+00,-9.101167678833007812e+00
-6.511207580566406250e+00,-1.026611518859863281e+01
-6.514866828918457031e+00,-1.033232021331787109e+01
-8.225243568420410156e+00,-1.303145217895507812e+01
-5.943845272064208984e+00,-9.690363883972167969e+00
-6.297677993774414062e+00,-9.882211685180664062e+00
-6.223261356353759766e+00,-9.329164505004882812e+00
-6.624066829681396484e+00,-1.070981216430664062e+01
-7.081479072570800781e+00,-1.101815700531005859e+01
-6.635453224182128906e+00,-1.020759582519531250e+01
-6.137277603149414062e+00,-9.289731025695800781e+00
-7.539698123931884766e+00,-1.214911174774169922e+01
-5.288177013397216797e+00,-7.831477165222167969e+00
-6.070363044738769531e+00,-9.063943862915039062e+00
-6.696585655212402344e+00,-1.031454563140869141e+01
-6.068581104278564453e+00,-1.018334960937500000e+01
-7.155756473541259766e+00,-1.142116355895996094e+01
-6.632613658905029297e+00,-1.021465492248535156e+01
-6.408051967620849609e+00,-9.829220771789550781e+00
-6.401961803436279297e+00,-1.038385581970214844e+01
-6.607250213623046875e+00,-1.024093532562255859e+01
-6.207519531250000000e+00,-1.037606716156005859e+01
-5.982249736785888672e+00,-9.521402359008789062e+00
-6.784987926483154297e+00,-1.040783882141113281e+01
-6.780077934265136719e+00,-1.040116214752197266e+01
-8.036382675170898438e+00,-1.250408458709716797e+01
-6.306268692016601562e+00,-9.909830093383789062e+00
-7.477727890014648438e+00,-1.160841655731201172e+01
-7.320013999938964844e+00,-1.147660255432128906e+01
-6.231219291687011719e+00,-9.740117073059082031e+00
-7.271525382995605469e+00,-1.140209674835205078e+01
-5.859354019165039062e+00,-8.846858978271484375e+00
-8.251365661621093750e+00,-1.316304016113281250e+01
-6.156271934509277344e+00,-9.290899276733398438e+00
-6.090878009796142578e+00,-9.111742019653320312e+00
-6.030236244201660156e+00,-9.203601837158203125e+00
-5.431556701660156250e+00,-7.863270282745361328e+00
-6.083702564239501953e+00,-9.506752014160156250e+00
-6.378903388977050781e+00,-1.031473064422607422e+01
-5.538429737091064453e+00,-8.167078018188476562e+00
-6.228975296020507812e+00,-1.007083511352539062e+01
-5.891160964965820312e+00,-9.296341896057128906e+00
-7.191643238067626953e+00,-1.115591907501220703e+01
-6.836352348327636719e+00,-1.044708919525146484e+01
-5.843328475952148438e+00,-8.884181976318359375e+00
-7.320048332214355469e+00,-1.119709587097167969e+01
-6.127248764038085938e+00,-9.219269752502441406e+00
-7.130468368530273438e+00,-1.137256240844726562e+01
-7.898316383361816406e+00,-1.256413745880126953e+01
-6.214729309082031250e+00,-1.004040431976318359e+01
1.776128411293029785e-01,-1.552206873893737793e-01
-6.080888748168945312e+00,-1.063164997100830078e+01
-6.344187736511230469e+00,-9.970095634460449219e+00
-6.448619842529296875e+00,-9.691666603088378906e+00
-5.863369941711425781e+00,-9.167192459106445312e+00
-5.288474082946777344e+00,-7.787837505340576172e+00
-6.017351150512695312e+00,-9.616432189941406250e+00
-6.834811687469482422e+00,-1.063763904571533203e+01
-6.083883285522460938e+00,-9.922111511230468750e+00
-7.585624217987060547e+00,-1.181463241577148438e+01
-5.355646610260009766e+00,-8.100223541259765625e+00
-5.385942459106445312e+00,-7.955140590667724609e+00
-6.327220916748046875e+00,-1.021907901763916016e+01
-5.886679172515869141e+00,-9.275101661682128906e+00
-6.251356124877929688e+00,-9.696115493774414062e+00
-6.684397697448730469e+00,-1.007200336456298828e+01
-6.394521236419677734e+00,-9.605470657348632812e+00
-7.143649101257324219e+00,-1.145210742950439453e+01
-7.389494895935058594e+00,-1.157373142242431641e+01
-5.992414474487304688e+00,-8.635843276977539062e+00
-6.867130756378173828e+00,-1.052268981933593750e+01
-6.688705921173095703e+00,-1.016785812377929688e+01
-6.248545646667480469e+00,-1.090226745605468750e+01
-6.153839588165283203e+00,-9.965929031372070312e+00
-7.591353416442871094e+00,-1.188774299621582031e+01
-6.240819931030273438e+00,-1.039044094085693359e+01
-6.594631195068359375e+00,-1.043534660339355469e+01
-6.689229011535644531e+00,-1.019247436523437500e+01
-7.092292308807373047e+00,-1.147867870330810547e+01
-6.725643634796142578e+00,-1.035159301757812500e+01
-6.722669601440429688e+00,-1.037050819396972656e+01
-8.004860877990722656e+00,-1.257430648803710938e+01
-6.357596397399902344e+00,-1.094107723236083984e+01
-5.886713981628417969e+00,-8.884536743164062500e+00
-5.732456207275390625e+00,-8.710652351379394531e+00
-8.378201484680175781e+00,-1.380116653442382812e+01
-5.279787063598632812e+00,-7.753603458404541016e+00
-6.245355606079101562e+00,-1.083257102966308594e+01
-6.758388042449951172e+00,-1.052822780609130859e+01
-5.714369297027587891e+00,-9.354792594909667969e+00
-6.152259349822998047e+00,-9.275256156921386719e+00
-5.396879673004150391e+00,-8.795956611633300781e+00
-6.198033332824707031e+00,-9.281964302062988281e+00
-6.818005561828613281e+00,-1.056580352783203125e+01
-6.161653041839599609e+00,-1.006605339050292969e+01
-6.434550285339355469e+00,-1.046100807189941406e+01
-7.029512405395507812e+00,-1.142948818206787109e+01
-5.841158866882324219e+00,-8.682803153991699219e+00
-6.477630138397216797e+00,-9.760047912597656250e+00
-8.424477577209472656e+00,-1.332218742370605469e+01
-6.458378791809082031e+00,-1.051979732513427734e+01
-6.251235485076904297e+00,-9.802450180053710938e+00
-6.250749111175537109e+00,-1.012444019317626953e+01
-6.679550170898437500e+00,-1.036783790588378906e+01
1.776128411293029785e-01,-1.552206873893737793e-01
-6.650878906250000000e+00,-1.026913547515869141e+01
-6.042826652526855469e+00,-9.562108039855957031e+00
-6.751717567443847656e+00,-1.042026710510253906e+01
-7.085597991943359375e+00,-1.155329608917236328e+01
-5.965167999267578125e+00,-9.005000114440917969e+00
-6.349573135375976562e+00,-1.001733398437500000e+01
-6.760808944702148438e+00,-1.044305706024169922e+01
-6.119951725006103516e+00,-9.708100318908691406e+00
-6.211317062377929688e+00,-9.343570709228515625e+00
-5.662489414215087891e+00,-8.614272117614746094e+00
-6.557468414306640625e+00,-1.024945735931396484e+01
-5.796401500701904297e+00,-9.143667221069335938e+00
-6.596371650695800781e+00,-1.008665657043457031e+01
-6.695007324218750000e+00,-1.035182571411132812e+01
-5.700894355773925781e+00,-8.468792915344238281e+00
-6.264404773712158203e+00,-1.011181068420410156e+01
-6.182217121124267578e+00,-1.027622413635253906e+01
-7.542687892913818359e+00,-1.162459659576416016e+01
-6.663538932800292969e+00,-1.039930725097656250e+01
-7.143527030944824219e+00,-1.126950645446777344e+01
-6.770715713500976562e+00,-1.035141944885253906e+01
-7.940688133239746094e+00,-1.280675411224365234e+01
-6.861315727233886719e+00,-1.047053718566894531e+01
-6.351233482360839844e+00,-1.090144920349121094e+01
-6.446404933929443359e+00,-9.668931961059570312e+00
-7.546555519104003906e+00,-1.158827495574951172e+01
-5.748527050018310547e+00,-8.519845008850097656e+00
-7.145419120788574219e+00,-1.153946876525878906e+01
-5.906413078308105469e+00,-8.805610656738281250e+00
-7.677297592163085938e+00,-1.203372955322265625e+01
-7.240479946136474609e+00,-1.156938266754150391e+01
-6.997986316680908203e+00,-1.119189262390136719e+01
-6.960135459899902344e+00,-1.068072700500488281e+01
-6.066796779632568359e+00,-1.051166629791259766e+01
-6.977852821350097656e+00,-1.051009941101074219e+01
-6.351922988891601562e+00,-1.084266567230224609e+01
1.776128411293029785e-01,-1.552206873893737793e-01
-5.464170455932617188e+00,-8.063789367675781250e+00
-5.368871212005615234e+00,-7.903981685638427734e+00
-5.849029541015625000e+00,-9.334725379943847656e+00
-6.769161224365234375e+00,-1.040539169311523438e+01
-7.826429843902587891e+00,-1.217420196533203125e+01
-6.657612800598144531e+00,-1.015348911285400391e+01
-5.484883308410644531e+00,-8.092467308044433594e+00
-5.690164566040039062e+00,-8.566237449645996094e+00
-6.326222419738769531e+00,-9.837010383605957031e+00
-6.900102138519287109e+00,-1.056944084167480469e+01
-6.951649665832519531e+00,-1.048905849456787109e+01
-6.269521713256835938e+00,-9.505154609680175781e+00
-6.543712615966796875e+00,-1.008445358276367188e+01
-6.635294914245605469e+00,-1.067935276031494141e+01
-7.774123191833496094e+00,-1.221472740173339844e+01
-6.386107444763183594e+00,-1.014416408538818359e+01
-5.726961135864257812e+00,-8.517130851745605469e+00
-5.402585029602050781e+00,-8.022961616516113281e+00
-6.065765380859375000e+00,-9.145414352416992188e+00
-7.244987487792968750e+00,-1.213284111022949219e+01
-6.406149864196777344e+00,-9.638916015625000000e+00
-6.271403312683105469e+00,-9.981983184814453125e+00
-6.480900764465332031e+00,-1.005340957641601562e+01
-7.343293666839599609e+00,-1.121637725830078125e+01
-6.302278518676757812e+00,-9.954781532287597656e+00
-6.440917968750000000e+00,-9.739896774291992188e+00
-7.522103309631347656e+00,-1.178369903564453125e+01
-6.441490173339843750e+00,-1.038001823425292969e+01
-7.201070785522460938e+00,-1.149217033386230469e+01
-5.823016166687011719e+00,-9.992623329162597656e+00
1.776128411293029785e-01,-1.552206873893737793e-01
-7.092907905578613281e+00,-1.142304706573486328e+01
-7.384184837341308594e+00,-1.136314868927001953e+01
-7.113634109497070312e+00,-1.123024845123291016e+01
-5.080678462982177734e+00,-7.445676326751708984e+00
-6.116238117218017578e+00,-9.841873168945312500e+00
-5.974003314971923828e+00,-9.566479682922363281e+00
-5.840314388275146484e+00,-8.768958091735839844e+00
-6.718878746032714844e+00,-1.087290573120117188e+01
-7.015027999877929688e+00,-1.086270141601562500e+01
-5.925941467285156250e+00,-9.558524131774902344e+00
-6.369445800781250000e+00,-1.021638107299804688e+01
-6.475829124450683594e+00,-1.052807521820068359e+01
-7.336894035339355469e+00,-1.123041534423828125e+01
-7.963966846466064453e+00,-1.278086471557617188e+01
-5.760927200317382812e+00,-9.826004981994628906e+00
-5.880208015441894531e+00,-8.524864196777343750e+00
-5.034578800201416016e+00,-7.946998119354248047e+00
-5.999451160430908203e+00,-9.133587837219238281e+00
-6.545680046081542969e+00,-1.020792865753173828e+01
-5.891153335571289062e+00,-1.002122020721435547e+01
-5.923825263977050781e+00,-8.942023277282714844e+00
-5.642088413238525391e+00,-8.601661682128906250e+00
-5.986643791198730469e+00,-1.016365146636962891e+01
-8.009918212890625000e+00,-1.264034271240234375e+01
-8.001321792602539062e+00,-1.273577308654785156e+01
-6.677123069763183594e+00,-1.044119262695312500e+01
-6.707432746887207031e+00,-1.027959918975830078e+01
-5.943169593811035156e+00,-1.012794685363769531e+01
-5.163309574127197266e+00,-8.461666107177734375e+00
-7.259599685668945312e+00,-1.113350200653076172e+01
-5.556920051574707031e+00,-8.310310363769531250e+00
-6.726841926574707031e+00,-1.034344482421875000e+01
-7.217133522033691406e+00,-1.126628303527832031e+01
-6.006226539611816406e+00,-8.986561775207519531e+00
-6.454659461975097656e+00,-1.049153900146484375e+01
-6.454259395599365234e+00,-9.760437965393066406e+00
-7.557384490966796875e+00,-1.167535018920898438e+01
-6.204135894775390625e+00,-9.343509674072265625e+00
-6.812133312225341797e+00,-1.038489151000976562e+01
-5.861950874328613281e+00,-8.830894470214843750e+00
-7.071854591369628906e+00,-1.112786293029785156e+01
-7.217612266540527344e+00,-1.162884902954101562e+01
-7.572402954101562500e+00,-1.190356636047363281e+01
-5.533482551574707031e+00,-8.050293922424316406e+00
-6.339492797851562500e+00,-9.943402290344238281e+00
-6.614037513732910156e+00,-1.020026779174804688e+01
-5.914873123168945312e+00,-9.422912597656250000e+00
-5.720848560333251953e+00,-8.588635444641113281e+00
-5.464476108551025391e+00,-8.079582214355468750e+00
-6.215824127197265625e+00,-8.964903831481933594e+00
-6.263091564178466797e+00,-9.441929817199707031e+00
-5.960804939270019531e+00,-9.549373626708984375e+00
-6.672155857086181641e+00,-1.013319110870361328e+01
-6.239576816558837891e+00,-9.422172546386718750e+00
-6.193468093872070312e+00,-9.354170799255371094e+00
-6.985940933227539062e+00,-1.056901836395263672e+01
-6.924056053161621094e+00,-1.085156059265136719e+01
-6.216179370880126953e+00,-1.007002353668212891e+01
-6.395162582397460938e+00,-1.043182563781738281e+01
-6.629585266113281250e+00,-1.040543937683105469e+01
-7.849808216094970703e+00,-1.284436798095703125e+01
-5.463252067565917969e+00,-8.030532836914062500e+00
-6.591907501220703125e+00,-1.026315498352050781e+01
-7.463454723358154297e+00,-1.185159301757812500e+01
-6.702995777130126953e+00,-1.032188415527343750e+01
-8.000868797302246094e+00,-1.281229209899902344e+01
-5.796908855438232422e+00,-8.563996315002441406e+00
-6.629858016967773438e+00,-1.012662220001220703e+01
-8.147656440734863281e+00,-1.293097400665283203e+01
-6.299928665161132812e+00,-1.045323944091796875e+01
1.776128411293029785e-01,-1.552206873893737793e-01
-6.525626659393310547e+00,-9.890188217163085938e+00
-6.126214981079101562e+00,-9.203812599182128906e+00
1.776128411293029785e-01,-1.552206873893737793e-01
-6.000136375427246094e+00,-9.137122154235839844e+00
-8.109525680541992188e+00,-1.302825355529785156e+01
-7.312433242797851562e+00,-1.132246398925781250e+01
-6.033571243286132812e+00,-9.892663955688476562e+00
-6.281449317932128906e+00,-9.972638130187988281e+00
-6.565122604370117188e+00,-9.878027915954589844e+00
-4.737437248229980469e+00,-7.415134906768798828e+00
-6.443974971771240234e+00,-9.716488838195800781e+00
-7.329593181610107422e+00,-1.169341659545898438e+01
-6.119337081909179688e+00,-1.010384082794189453e+01
-5.921588897705078125e+00,-9.387499809265136719e+00
-7.291346549987792969e+00,-1.146254348754882812e+01
-5.961943626403808594e+00,-1.037905502319335938e+01
1.776128411293029785e-01,-1.552206873893737793e-01
-7.627546310424804688e+00,-1.172607994079589844e+01
-6.670652389526367188e+00,-1.060066318511962891e+01
-6.668808460235595703e+00,-1.036530494689941406e+01
-7.550821304321289062e+00,-1.162759971618652344e+01
-5.779924869537353516e+00,-8.673076629638671875e+00
-6.168351173400878906e+00,-1.003768825531005859e+01
1.776128411293029785e-01,-1.552206873893737793e-01
-6.523317337036132812e+00,-1.001484680175781250e+01
-6.331440448760986328e+00,-1.087831497192382812e+01
-6.651100158691406250e+00,-1.045384502410888672e+01
-6.229876041412353516e+00,-9.485354423522949219e+00
-6.574313640594482422e+00,-1.058321571350097656e+01
-7.143374443054199219e+00,-1.142174053192138672e+01
-6.499282360076904297e+00,-1.067655086517333984e+01
-6.405128002166748047e+00,-9.674922943115234375e+00
-6.059067726135253906e+00,-1.013235187530517578e+01
-6.354266643524169922e+00,-1.085239410400390625e+01
-5.375327110290527344e+00,-7.916864871978759766e+00
-6.747563362121582031e+00,-1.030783653259277344e+01
-7.828545093536376953e+00,-1.234799003601074219e+01
-3.236482381820678711e+00,-4.025648117065429688e+00
-5.309453010559082031e+00,-7.754595279693603516e+00
-6.229208469390869141e+00,-1.006004714965820312e+01
-6.808876991271972656e+00,-1.037877845764160156e+01
-6.702564716339111328e+00,-1.029941844940185547e+01
-6.254971981048583984e+00,-9.809573173522949219e+00
-4.927976131439208984e+00,-8.156180381774902344e+00
-7.743391513824462891e+00,-1.209970855712890625e+01
-6.313846588134765625e+00,-1.012877273559570312e+01
-7.554603099822998047e+00,-1.172679615020751953e+01
-7.453031539916992188e+00,-1.161889457702636719e+01
-5.190335273742675781e+00,-8.671307563781738281e+00
-6.284100532531738281e+00,-1.006570339202880859e+01
-5.449753761291503906e+00,-7.986344814300537109e+00
-7.158456325531005859e+00,-1.129964447021484375e+01
-6.196916103363037109e+00,-9.339486122131347656e+00
-6.232198238372802734e+00,-1.006173706054687500e+01
-7.102219581604003906e+00,-1.148770618438720703e+01
-5.361665725708007812e+00,-7.924806118011474609e+00
-7.309638023376464844e+00,-1.134465408325195312e+01
-6.507863044738769531e+00,-1.035646724700927734e+01
-6.371376991271972656e+00,-1.014920806884765625e+01
-9.307379722595214844e+00,-1.484047126770019531e+01
-6.568195343017578125e+00,-1.036481571197509766e+01
-6.157472610473632812e+00,-9.843193054199218750e+00
-5.915126323699951172e+00,-8.907556533813476562e+00
-5.948986053466796875e+00,-8.872963905334472656e+00
-5.988349437713623047e+00,-9.038945198059082031e+00
-6.501993179321289062e+00,-1.055943393707275391e+01
-6.746522903442382812e+00,-1.060856914520263672e+01
-6.189207077026367188e+00,-1.080134677886962891e+01
-6.340822219848632812e+00,-9.937322616577148438e+00
-6.665589809417724609e+00,-1.019490146636962891e+01
-7.397366046905517578e+00,-1.132719039916992188e+01
-5.420797824859619141e+00,-7.993616580963134766e+00
-6.482148647308349609e+00,-1.052614593505859375e+01
-6.572157859802246094e+00,-1.062448310852050781e+01
-6.234235286712646484e+00,-9.804758071899414062e+00
-6.638481616973876953e+00,-1.058573627471923828e+01
-6.140386104583740234e+00,-9.744389533996582031e+00
-5.910631179809570312e+00,-8.785233497619628906e+00
-6.127917766571044922e+00,-1.017369270324707031e+01
-7.272726535797119141e+00,-1.125958347320556641e+01
-6.152560710906982422e+00,-9.854740142822265625e+00
-6.891252517700195312e+00,-1.178725719451904297e+01
-6.932036876678466797e+00,-1.039144039154052734e+01
-8.003475189208984375e+00,-1.246028995513916016e+01
